11111111111111111111111111111111111111111111111111111111111111111111111111111111111111111111111111111111111111111111111111111111111111111111111111111111111111111111111111111111111111111111111111111111
11111111111111111111111111111111111111111111111111111111111111111111111111111111111128080409089830869653090903783806811111111111111111111111111111111111111111111111111111111111111111111111111111111111
11111111111111111111111111111111111111111111111111111111111111111111111111169500889008697888440888886930908008009084838606066011111111111111111111111111111111111111111111111111111111111111111111111111
11111111111111111111111111111111111111111111111111111111111111111111185658462060899628879005396806028082888389908289908966328828886911111111111111111111111111111111111111111111111111111111111111111111
11111111111111111111111111111111111111111111111111111111111111118853680960608845966862889090845096086820654087299586806890735276789689661111111951111111111111111111111111111111111111111111111111111111
11111111111111111111111111111111111111111111111111111111111628356800880628383866000626857839781111111111111778966067769048967589669628211116945986111111111111111111111111111111111111111111111111111111
11111111111111111111111111111111111111111111111111111112988939879984998487889288611111111111111111111111111111111111111148889080658011110859688478111111111111111111111111111111111111111111111111111111
11111111111111111111111111111111111111111111111111112098852086090668086827111111111111111111111111111111111111111111111111111118811118889427598808611111111111111111111111111111111111111111111111111111
11111111111111111111111111111111111111111111111188988680898898880897111111111111111111111111111111111111111111111111111111111111114209868809696005611989111111111111111111111111111111111111111111111111
11111111111111111111111111111111111111111111110308078094882692611111111111111111111111111111111111111111111111111111111111111118888882544800388064611808888111111111111111111111111111111111111111111111
11111111111111111111111111111111111111111116839898982882698011111111111111111111111111111111111111111111111111111111111111111070880684898689909295811128888888111111111111111111111111111111111111111111
11111111111111111111111111111111111111118388899853088838111111111111111111111111111111111111111111111111111111111111111111628863990858828009009936811109888088083111111111111111111111111111111111111111
11111111111111111111111111111111111111860652080780986111111111111111111111111111111111111111111111111111111111111111111108876862686806960894658787611198890688826681111111111111111111111111111111111111
11111111111111111111111111111111111892976836288688111111111111111111111111111111111111111111118329111111111111111111183492998806578889068605686088791117988869208882811111111111111111111111111111111111
11111111111111111111111111111111185926856479855111111111111111111111111111111111111111111111178086081111111111111148808966092880089848079399408885061111116088888698909611111111111111111111111111111111
11111111111111111111111111111116080299870289111111111111111111111111111111111111111111111111170000896111111111119587889358660994020887684796688588891111111188008508600609111111111111111111111111111111
11111111111111111111111111111990288080982611111111111111111111111111111111111111111111111111996089080781111187082888083405888879886880380260938888831111111111102073869674691111111111111111111111111111
11111111111111111111111111188994448788791111111111111111111111111111111111111111111111111110058570266008839998909788929693886982883099378838860868601111111111111888668289787111111111111111111111111111
11111111111111111111111119778869046000111111111111111111111111111111111111111111111111111118869965586768788680805458028382805899939866863629082988081111111111111114066428309621111111111111111111111111
11111111111111111111111107008820986511111111111111111111111111111111111111111111111111111188294883770968886980008888300038887888879380706899908049821111111111111111138638946790511111111111111111111111
11111111111111111111111885908656481111111111111111111111111111111111111111111111111111111190806687083738687092428886267960685666266696589030830789561111111111111111111582094666001111111111111111111111
11111111111111111111120885960383111111111111111111107811111111111111111111111111111111111994467704868688093060098838663848886690883888882888069083571111111111111111111113838800390811111111111111111111
11111111111111111116823698636261111111111111111111150888111111111111111111111111111111111888606884286288853008006896870888808002928020956080860068681111111111111111111111068748880384111111111111111111
11111111111111111176889808289111111111111111111111157994691111111111111111111111111111110006688000862588800043098985886282074282698890846896998829861111111111111111111111118389988653611111111111111111
11111111111111111069254300011111111111111111111111898860060111111111111111111111111111119880850960589866699982689588009399688960078686098695038602462111111111111111111111111178046502081111111111111111
11111111111111118999223988111111111111111111111111808889892821111111111111111111111111168658928066847800097805650220908698679292880097996094309960868111111111111111111111111110828586690111111111111111
11111111111111686689808001111111111111111111111118989887500288811111111111111111111111962380689509890980869670967689886878288882687088068808680888495011111111108888861111111111398845886811111111111111
11111111111111896941111111111111111111111111111103805989848090301111111111111111111111880888968599558809096088280688887085288820068886608998845887049081118685860076411111111111110900009988111111111111
11111111111111111111111111111111111111111117608838858020098057380111111111111111111111040980888027008090008980978099638889468968855976685986890630868088908838678888911111111111111038868938911111111111
11111111139698460776460060920789896988758823460597670034888098990091111111111111111118888840087094598650609895648609088585088673848999508982898658969728889056998660111111111111111128360059511111111111
11111124028304898066987089206598499488938890698058699853899658098085111111111111111108086888298658894888886589399880497346880067998676548209268365888008886888002001111111111111111118087462871111111111
11111119049006880709502993689802606977068806369823372248698086460569001111111111111192268828099984808068858883268924620788685098858063928890008297544887508037850111111111111111111111008788886111111111
11111111280578008008009898099088088958866986860060868488598856722638268111111111111780640008450998609078686826900080089806682085404589682390480500273886338080621111111111111111111111180896558711111111
11111111115099338986802963890578428062990688858006830644470378758006332811111111111860803800280864886990986248083058384998860420990679086492886695326802024083011111111111111111111111110684080671111111
11111114111988866783008878088090908823280368804886504754638830689958860066111111117276909080900906089022889860694988208888508862689807660884926804795498688901111111111111111111111111111483030873111111
11111184891116888398736849639088480848694932098365208485890696600890804883411111108898887878842088060056670704885450909090289886829768886030706894806966667011111111111111111111111111111908680848111111
11111167884811698987878968286682936828938890832860806066809669088803758888763268690808086980508690327783668970098880870280885888566900805564569759400057689111111111111111111111111111111190848800811111
11111888883961116900049699878808938888639896000848385039884386058969888885690608820056585809096824089898088668098988208866088064288508426888848439680805701111111111111111111111111111111116868068681111
11111888889001111183888596783029823538686593203288988808878229059388560602838369988060659608965889700640808880308746085008968098098833600869480080884889111111111111111111111111111111111111006809201111
11118868894891111118988789938043860090278880698685040896988078098890408892829057893980686608884995695769258988696880994393056026878489889802080892086821111111111111111111111111111111111111660588880111
11183680876711111111199804986685088068380869852689984958060889659958989658288884889002028858408843486920756844650650976848062285848899805890898708868011111111111111111111111111111111111111190006586111
11186276908011111111118620625733900960439006888980888288868749788836088794898790608666689098688598788008978824886298858867088390586068803566807068021111111111111111111111111111111111111111137496888711
11160886998111111111111123892607400393688007638998238675735069868500604888888970699988838820088640060982593908772889896089852886689979702860060807911111111111111111111111111111111111111111116808989811
11986920689111111111111116680208009656786668006676088848829899090969570989888608998688487809030989898898668533888848869896808999098205894409089883111111111111111111111111111111111111111111115393793021
11080006801111111111111111184008084698989809680280587489304884888868702088830090786885897388860396093798063609809698889058062885845830088888688911111111111111111111111111111111111111111111111300876861
11686880061111111111111111118866664694966680625088208798928006980590568959050976888607086908068987008649678982708896865986663626250877898826609111111111111111111111111111111111111111111111111835065881
16868087991111111111111111112986263650568896905286898662820908260084062888808899838770906600804850080927046779680006785859978078796674856825841111111111111111111111111111111111111111111111111888584981
10904868011111111111111111110873874909805387788992898889636888856066605983649076800880588946508960242988758086903082959598908099226096008906811111111111111111111111111111111111111111111111111898838861
18903907411111111111111111148629843006788968638808047528880884374880606268889884899989558820342833068639388766700689888898882803608397869670111111111111111111111111111111111111111111111111111107368021
10947866611111111111111169966808906048606086826858060868868687336668860304606669056039506888898809684947408880988580998843008786006606690001111111111111111111111111111111111111111111111111111189685881
14900886811111111118269259888098680968069086968974989992526868789586825098463647980090006808879690588888900488666098783868308370667899586861111111111111111111111111111111111111111111111111111199009851
13882806411111111188748550846096070044094604676989838900406959088096888808098685298388264098586668888889968888866680288988806984880632989090111111111111111111111111111111111111111111111111111163908461
18504088811111111111167886696649885765788998860898886680489896784906388608098298882889088082008868036082782930090098880094088807878800489804260930811111111111111111111111111111111111111111111188945801
19882844011111111111111117884976888048806660908828362907884060880800898809038085490020588988089886880986608868404860890605580935242830798060058094980980088080888988406442891111111111111111111180860861
12892858311111111111111111111188064880998076088899877966808632898870778068646669599680080806907084738980866849888880896868988887082245069468968099890880489668860880829480608683090091111111111189790881
15289866811111111111111111111111111084604888987093889982984880366668986490868788887896800978488648028778066688690889844088289509803699498690688966604887607782699256696986869898080811111111111196080781
14808938211111111111111111111111111111110840009878608049899809087865698868838098025000399286806872806967880688804397688888286030087699830688508262949060008882897000698906888988011111111111111186289671
19838098811111111111111111111111111111111116892838808305899080406886805048990688006886268688956076808088900860688043808808858863658606890887808808008888080096889390888985089081111111111111111169200691
16929380311111111111111111111111111111111111088696882990888590669868484938006888689795068405578084878363088088848698809980806865258088700650837065895793850845805090776890908011111111111111111157886981
13689868841111111111111111111111111111111111188208890678049890097669865808855508096008264682688008268990898888869848789045886983868987906688693804648888888058685597749664401111111111111111111688678691
10286887081111111111111111111111111111111111109636900702898888884858634888958684988795004626800078608687688880040206828827896863890665840676008836063209089889858670268960981111111111111111111050608891
11886587881111111111111111111111111111111111868300880758980249689896928768285992688774886740998888700098047088009898068685005859700829080486990886369980888509886690239908611111111111111111111589288021
11808898801111111111111111111111111111111198069560848689858840508398985985088596024789938667880870000308088900895867896989082003880666836688820408986800808067888074985828811111111111111111118808802981
11026986269111111111111111111111111111116684606988085883053889694078886809896847988888980863067960769309906602329098620008892978336857878898866838838678880586608809868850061111111111111111119976098291
11190808896111111111111111111111111110908878800093878099800609960388486560558065888868028696088408505720965839698593808908608890006708880869066936466098666098078089779298689611111111111111110894008511
11188858829411111111111111111111111090099898039058909086088883208379470787808688666886008880756977849006605055890086930483888368728906882296686028382007702697330536809000088081111111111111188826868211
11119606859311111111111111111111158008533449062859088898225998248484898848989999888636703498956806890886829689822708087808838850809549086069656082999090789208080768770829098808611111111111190200949111
11118958008881111111111111111110800808008988828838338808899368038985292048608080996060392878803948063478098868600600780800866290783686387869896886808007886527898808882909078974868111111111383857487111
11111808698091111111111111111188886068858424898805688898090888085006258808489386589000808634805648009033809830802800888085809898888808048083009038808908688868897807276088838008269881111118208646281111
11111308064088111111111111111100870608999887705089309886888034868840808908889092880490382966082988588888488058998095364968880268980846990590284808004665763369680800088806088483066888811118808685481111
11111178984856711111111111111110089769080850888804882006007480986702859986568099860898609908633808880809803680680902007398868840838629668832800056038280687788040908638836993096685089380111160655811111
11111119389288861111111111111111111111998800842805768046988802969220894704988909986386900887480380486809208965959888969639098930886307489060698808880298998960608928708806682888847208339988111189111111
11111110880030891111111111111111111111111111111111868890808856888289708668889888938078989598286086089528846528080804006888928857898800089858083360087338684993968258550868686098586440989998956111111111
11111111678489298111111111111111111111111111111111111111108095478380328766988707985978829648938988003862926888090990968000704084838888960000708647603009652897888655803788895638689889909659986388111111
11111111140636385511111111111111111111111111111111111111111111898400930058889082069288720808689807000389986886977869873866088972386898788409798803860504600088964882550988289200469839898246788832831111
11111111119843600281111111111111111111111111111111111111111111111888890386978890983366530987088098866098687889250460860029236668686987872000768804339804478830638889009380788869805808863860870966111111
11111111111008808608111111111111111111111111111111111111111111111117898850086258985890687835728638008606376694745982899589868428666886802080300902428063564896858808280808628893396700958082811111111111
11111111111100286860311111111111111111111111111111111111111111111111197096380822993878888788808889806880846988046335868838888883788880385863628036645889880882268111111111111111111111111111111111111111
11111111111116066689070111111111111111111111111111111111111111111111118480353889006089398777006890968430698804682606040558869665698093868050709899898059889062511111111111111111111873008885111111111111
11111111111111860886968011111111111111111111111111111111111111111111118099046698868988292020008808985824886803888398885088889448011111110882585689960886879566811111111111111111107820788801111111111111
11111111111111188666288891111111111111111111111111111111111111111111118085080080880278094080882880569860888409668988902808694781111111111111080665898860369686111111111111111111900066800811111111111111
11111111111111114068396689111111111111111111111111111111111111111111199548383299890861111116806808780680888000538048875090908011111111111111111188026894028098111111111111111115345039959111111111111111
11111111111111111080963208081111111111111111111111111111111111111111820858389899811111111111111188000080889048268806987069266111111111111111111111190966668968911111111111111308883035091111111111111111
11111111111111111106686320066111111111111111111111111111111111111117986870889801111111111111111111118986998880997866849706770111111111111111111111111108758808611111111111119888997488111111111111111111
11111111111111111111889702083201111111111111111111111111111111111118098766986811111111111111111111111110088638488078099888882111111111111111111111111111112608611111111111840942608681111111111111111111
11111111111111111111189800880862111111111111111111111111111111111198885893908511111111111111111111111111118283698929928289881111111111111111111111111111111118111111111185795849898611111111111111111111
11111111111111111111111987850968681111111111111111111111111111111688639880720111111111111111111111111111111118845799760966881111111111111111111111111111111111111111110880385668881111111111111111111111
11111111111111111111111115848649680211111111111111111111111111110886899738421111111111111111111111111111111111186988067888371111111111111111111111111111111111111111167703685869111111111111111111111111
11111111111111111111111111889889858880111111111111111111111111108099488280011111111111111111111111111111111111111082669888881111111111111111111111111111111111111118888690908081111111111111111111111111
11111111111111111111111111113708888962891111111111111111111111884888036805111111111111111111111111111111111111111116808880881111111111111111111111111111111111111804878888934111111111111111111111111111
11111111111111111111111111111188900200309781111111111111111119883508890081111111111111111111111111111111111111111111179880861111111111111111111111111111111111823073000089911111111111111111111111111111
11111111111111111111111111111111587408666438811111111111111119660888809611111111111111111111111111111111111111111111115649541111111111111111111111111111111188808080800861111111111111111111111111111111
11111111111111111111111111111111112909008008806811111111111146448980600111111111111111111111111111111111111111111111111188011111111111111111111111111111160409042304888111111111111111111111111111111111
11111111111111111111111111111111111108666920658899111111111088866868481111111111111111111111111111111111111111111111111118111111111111111111111111111110940000899808611111111111111111111111111111111111
11111111111111111111111111111111111111388204830838828811118068548060011111111111111111111111111111111111111111111111111111111111111111111111111111107829268564904981111111111111111111111111111111111111
11111111111111111111111111111111111111111632096095068281186688898899111111111111111111111111111111111111111111111111111111111111111111111111111180096998808082861111111111111111111111111111111111111111
11111111111111111111111111111111111111111110849985836611089888968801111111111111111111111111111111111111111111111111111111111111111111111111688838006558202031111111111111111111111111111111111111111111
11111111111111111111111111111111111111111111117990808111803408800811111111111111111111111111111111111111111111111111111111111111111111119899993605080828093111111111111111111111111111111111111111111111
11111111111111111111111111111111111111111111111118801118066035688611121111111111111111111111111111111111111111111111111111111111111886674676484033786051111111111111111111111111111111111111111111111111
11111111111111111111111111111111111111111111111111111158085028888119885205601111111111111111111111111111111111111111111111111080008883286686985668861111111111111111111111111111111111111111111111111111
11111111111111111111111111111111111111111111111111111188080387081120903830008089462011111111111111111111111111111111118856908693280808845223096911111111111111111111111111111111111111111111111111111111
11111111111111111111111111111111111111111111111111111188808048611268809898043589885924848377807868388986960680998035048885888809668964986888111111111111111111111111111111111111111111111111111111111111
11111111111111111111111111111111111111111111111111111168885111111184848903688884689988363008988986594896525880779258648398470608945860691111111111111111111111111111111111111111111111111111111111111111
11111111111111111111111111111111111111111111111111111111111111111111111036040868368608880408878080638587988088048603488388809407821111111111111111111111111111111111111111111111111111111111111111111111
11111111111111111111111111111111111111111111111111111111111111111111111111111606709268688565736466086080088897668688894888811111111111111111111111111111111111111111111111111111111111111111111111111111
11111111111111111111111111111111111111111111111111111111111111111111111111111111111111111111111111111111111111111111111111111111111111111111111111111111111111111111111111111111111111111111111111111111
